# Carga significativa usando o formato com prioridade:
# id prioridade cpu1 io cpu2 memoria_mb
#
# Neste formato todos os processos chegam em t=0 e reservam:
# - 1 disco quando io > 0;
# - 0 discos quando io = 0.
#
# Prioridade:
# - 0 = tempo real;
# - 1 = usuario.

200 1 4 2 4 800
201 1 10 4 8 1200
202 0 15 0 0 512
203 1 6 6 4 2048
204 1 12 0 0 4096
205 1 3 5 3 1536
206 1 8 0 0 1024
207 1 5 3 6 3072
208 1 18 0 0 6144
209 1 4 7 5 2048
210 1 9 4 2 1024
211 1 2 8 4 3584
212 1 14 0 0 2048
213 1 6 6 6 4096
214 0 5 0 0 512
215 1 11 0 0 8192
216 1 3 5 8 1536
217 1 7 4 7 2048
218 1 20 0 0 1024
219 1 4 9 4 2048
220 1 13 0 0 3072
221 1 6 3 2 5120
222 1 5 6 5 1024
223 1 16 0 0 4096
224 1 4 4 4 2048
225 1 8 5 8 2048
226 1 3 7 3 1024
227 1 10 0 0 6144
228 1 5 5 5 3072
229 1 7 2 6 2048
230 1 9 0 0 1024
231 1 4 8 4 4096
232 1 12 0 0 2048
233 1 6 6 6 1536
234 1 3 4 3 1024
235 1 15 0 0 8192
236 1 5 5 5 2048
237 1 4 3 4 1024
238 1 10 0 0 4096
239 0 2 0 0 512
240 1 7 7 7 3072
241 1 11 0 0 2048
242 1 5 4 5 1536
243 1 8 8 4 4096
244 1 6 5 6 2048
245 1 17 0 0 1024
246 1 4 6 4 1536
247 1 9 3 5 3072
248 1 5 7 2 2048
249 1 13 0 0 4096
